image_width: 640
image_height: 480
camera_name: camera
camera_matrix:
  rows: 3
  cols: 3
  data: [857.7044566752354, 0.0, 303.1295368699321, 0.0, 856.609313946347, 170.8338328150101,
    0.0, 0.0, 1.0]
distortion_model: plumb_bob
distortion_coefficients:
  rows: 1
  cols: 5
  data: [0.17149834739495365, -0.43328115549086377, -0.004375954602700395, -0.0032508775741813007,
    2.6545165413122094]
rectification_matrix:
  rows: 3
  cols: 3
  data: [1, 0, 0, 0, 1, 0, 0, 0, 1]
projection_matrix:
  rows: 3
  cols: 4
  data: [857.7044566752354, 0.0, 303.1295368699321, 0.0, 0.0, 856.609313946347, 170.8338328150101,
    0.0, 0.0, 0.0, 1.0, 0.0]
